Training XGBoost Model:
Fold Results:
              precision    recall  f1-score   support

           0       0.00      0.00      0.00      2520
           1       0.00      0.00      0.00         0
           2       0.00      0.00      0.00      1512
           3       0.25      0.46      0.33     12709
           4       0.00      0.00      0.00      1512
           5       0.07      0.07      0.07      5832
           6       0.13      0.02      0.03      5040
           7       0.26      0.26      0.26     12600

    accuracy                           0.23     41725
   macro avg       0.09      0.10      0.09     41725
weighted avg       0.18      0.23      0.19     41725

Confusion Matrix:
[[   0    0    0  969    0  570    0  981]
 [   0    0    0    0    0    0    0    0]
 [   0    0    0 1054    0   24    0  434]
 [   0    1    0 5815    0 1798  314 4781]
 [   0    0    0 1020    0   62   48  382]
 [   0   15    0 4223    0  389   22 1183]
 [   0    6    0 2979    0  512   78 1465]
 [   0    0    0 6937    0 2224  129 3310]]
==================================================
Fold Results:
              precision    recall  f1-score   support

           0       0.00      0.00      0.00      2016
           2       0.05      0.34      0.08      1008
           3       0.02      0.00      0.00     10691
           4       0.00      0.00      0.00      1008
           5       0.22      0.25      0.23      8354
           6       0.01      0.02      0.01      3024
           7       0.41      0.50      0.45     15624

    accuracy                           0.25     41725
   macro avg       0.10      0.16      0.11     41725
weighted avg       0.20      0.25      0.22     41725

Confusion Matrix:
[[   0  629    4  193  206    0  984]
 [   0  342    0    0  162    0  504]
 [   0 2968    4  452 3107 1042 3118]
 [   0    0    0    0    0   12  996]
 [   0 1297  177  334 2075  577 3894]
 [   0  472    1    1  510   54 1986]
 [   0 1365   26  148 3324 2872 7889]]
==================================================
Fold Results:
              precision    recall  f1-score   support

           0       0.00      0.00      0.00      2016
           2       0.00      0.00      0.00       504
           3       0.31      0.57      0.40     14658
           4       0.00      0.00      0.00      1008
           5       0.13      0.30      0.18      5544
           6       0.00      0.00      0.00      4891
           7       0.76      0.09      0.16     13104

    accuracy                           0.27     41725
   macro avg       0.17      0.14      0.11     41725
weighted avg       0.37      0.27      0.21     41725

Confusion Matrix:
[[   0    0 1451    0  559    0    6]
 [   0    0  504    0    0    0    0]
 [  39    0 8285    0 5990    0  344]
 [   0    0  504    0  503    0    1]
 [ 364    0 3503    0 1677    0    0]
 [   8    0 3625    0 1256    0    2]
 [ 607    0 8582    0 2782    0 1133]]
==================================================
Fold Results:
              precision    recall  f1-score   support

           0       0.00      0.00      0.00      1008
           2       0.00      0.00      0.00      1512
           3       0.37      0.49      0.42     13877
           4       0.00      0.00      0.00         0
           5       0.03      0.02      0.02      7056
           6       0.00      0.00      0.00      4032
           7       0.36      0.45      0.40     14240

    accuracy                           0.32     41725
   macro avg       0.11      0.14      0.12     41725
weighted avg       0.25      0.32      0.28     41725

Confusion Matrix:
[[   0    0  620    2    0    0  386]
 [   0    0  642   16   74    0  780]
 [   0    0 6790   34 2115    0 4938]
 [   0    0    0    0    0    0    0]
 [   0    0 3057   34  132    0 3833]
 [   0    0 1742   25  721    0 1544]
 [   0    0 5613   39 2238    0 6350]]
==================================================
Fold Results:
              precision    recall  f1-score   support

           0       0.00      0.00      0.00      1008
           2       0.00      0.00      0.00       504
           3       0.25      0.23      0.24     10166
           4       0.00      0.00      0.00       504
           5       0.28      0.38      0.32      8568
           6       0.13      0.30      0.18      3024
           7       0.46      0.32      0.38     17951

    accuracy                           0.29     41725
   macro avg       0.16      0.18      0.16     41725
weighted avg       0.32      0.29      0.30     41725

Confusion Matrix:
[[   0    0  554    0   39    0  415]
 [   0    0    0    0  458    0   46]
 [   0  421 2327    0 2020 1240 4158]
 [   0    0   12    0    4  453   35]
 [   0  743 1559    0 3217 1157 1892]
 [   0   34 1094    0  612  908  376]
 [   0   44 3652    0 5221 3232 5802]]
==================================================
Average Performance Across Folds:
Accuracy: 0.2712
Macro Avg Precision: nan
Macro Avg Recall: nan
Macro Avg F1-score: nan
Fold 1:
    Accuracy: 0.5399
    F1 Score: 0.5916
  Fold 2:
    Accuracy: 0.6484
    F1 Score: 0.7189
  Fold 3:
    Accuracy: 0.6659
    F1 Score: 0.7147
  Fold 4:
    Accuracy: 0.7181
    F1 Score: 0.7784
  Fold 5:
    Accuracy: 0.6937
    F1 Score: 0.8001
  Average Performance:
    Accuracy: 0.7712
    F1 Score: 0.8407
